Host = 127.0.0.1
Received: 13:31:44.588398
Received: 13:31:44.588757
Received: 13:31:44.589571
Received: 13:31:44.590267
Received: 13:31:44.591166
Sent: 13:31:44.587651
Sent: 13:31:44.588577
Sent: 13:31:44.588915
Sent: 13:31:44.589779
Sent: 13:31:44.590458
