Host = 127.0.0.1
Received: 13:31:44.587689
Received: 13:31:44.588593
Received: 13:31:44.588935
Received: 13:31:44.590038
Received: 13:31:44.590857
Sent: 13:31:44.588382
Sent: 13:31:44.588751
Sent: 13:31:44.589119
Sent: 13:31:44.590234
Sent: 13:31:44.591140
