Host = 127.0.0.1
Received: 22:10:39.361623
Received: 22:10:39.363428
Received: 22:10:39.364500
Received: 22:10:39.365551
Received: 22:10:39.366691
Sent: 22:10:39.362522
Sent: 22:10:39.363690
Sent: 22:10:39.364742
Sent: 22:10:39.365803
Sent: 22:10:39.366892
