Host = 127.0.0.1
Received: 22:11:06.086360
Received: 22:11:06.088326
Received: 22:11:06.089425
Received: 22:11:06.091073
Received: 22:11:06.092234
Sent: 22:11:06.087377
Sent: 22:11:06.088584
Sent: 22:11:06.089744
Sent: 22:11:06.091452
Sent: 22:11:06.092423
