Host = 127.0.0.1
Received: 22:11:06.087688
Received: 22:11:06.088850
Received: 22:11:06.090200
Received: 22:11:06.091808
Received: 22:11:06.092437
Sent: 22:11:06.086298
Sent: 22:11:06.088010
Sent: 22:11:06.089123
Sent: 22:11:06.090680
Sent: 22:11:06.092146
