Host = 192.168.0.11
Received: 22:03:56.776222
Received: 22:03:56.786270
Received: 22:03:56.809211
Received: 22:03:56.824108
Received: 22:03:56.826184
Sent: 22:03:56.777092
Sent: 22:03:56.786676
Sent: 22:03:56.809531
Sent: 22:03:56.824434
Sent: 22:03:56.826508
