Host = 192.168.0.14
Received: 22:01:28.547907
Received: 22:01:28.620627
Received: 22:01:28.662663
Received: 22:01:28.668138
Received: 22:01:28.673172
Sent: 22:01:28.526143
Sent: 22:01:28.548141
Sent: 22:01:28.620838
Sent: 22:01:28.662873
Sent: 22:01:28.668348
