Host = 192.168.0.11
Received: 21:56:26.975283
Received: 21:56:26.994392
Received: 21:56:27.004474
Received: 21:56:27.008112
Received: 21:56:27.010350
Sent: 21:56:26.975990
Sent: 21:56:26.994507
Sent: 21:56:27.004795
Sent: 21:56:27.008444
Sent: 21:56:27.010653
