Host = 192.168.0.14
Received: 21:55:19.506142
Received: 21:55:19.510874
Received: 21:55:19.513899
Received: 21:55:19.516079
Received: 21:55:19.526442
Sent: 21:55:19.407948
Sent: 21:55:19.506367
Sent: 21:55:19.511014
Sent: 21:55:19.514038
Sent: 21:55:19.516297
