Host = 127.0.0.1
Received: 13:59:29.709473
Received: 13:59:29.710742
Received: 13:59:29.711114
Received: 13:59:29.711416
Received: 13:59:29.711714
Sent: 13:59:29.710121
Sent: 13:59:29.710901
Sent: 13:59:29.711256
Sent: 13:59:29.711549
Sent: 13:59:29.711884
