Host = 192.168.0.11
Received: 21:58:07.349948
Received: 21:58:07.370966
Received: 21:58:07.391976
Received: 21:58:07.421435
Received: 21:58:07.471426
Sent: 21:58:07.350524
Sent: 21:58:07.371259
Sent: 21:58:07.392278
Sent: 21:58:07.421738
Sent: 21:58:07.471728
