Host = 192.168.0.14
Received: 21:58:54.277666
Received: 21:58:54.279650
Received: 21:58:54.281790
Received: 21:58:54.287330
Received: 21:58:54.298796
Sent: 21:58:54.265580
Sent: 21:58:54.277947
Sent: 21:58:54.279896
Sent: 21:58:54.282032
Sent: 21:58:54.287601
