Host = 192.168.0.11
Received: 22:01:56.258259
Received: 22:01:56.264948
Received: 22:01:56.273685
Received: 22:01:56.275778
Received: 22:01:56.277858
Sent: 22:01:56.259147
Sent: 22:01:56.265276
Sent: 22:01:56.274005
Sent: 22:01:56.276103
Sent: 22:01:56.278182
