Host = 127.0.0.1
Received: 13:59:29.710380
Received: 13:59:29.710922
Received: 13:59:29.711260
Received: 13:59:29.711557
Received: 13:59:29.713053
Sent: 13:59:29.710194
Sent: 13:59:29.710554
Sent: 13:59:29.711098
Sent: 13:59:29.711401
Sent: 13:59:29.711697
