Host = 192.168.0.3
Received: 20:48:16.340733
Received: 20:48:16.340733
Received: 20:48:16.341733
Received: 20:48:16.341733
Received: 20:48:16.341733
Sent: 20:48:16.339745
Sent: 20:48:16.340733
Sent: 20:48:16.340733
Sent: 20:48:16.341733
Sent: 20:48:16.341733
