Host = 192.168.0.6
Received: 21:11:46.842948
Received: 21:11:46.844073
Received: 21:11:46.844440
Received: 21:11:46.844782
Received: 21:11:46.845169
Sent: 21:11:46.843840
Sent: 21:11:46.844235
Sent: 21:11:46.844575
Sent: 21:11:46.844921
Sent: 21:11:46.845320
