Host = 192.168.0.11
Received: 20:17:32.425921
Received: 20:17:32.425921
Received: 20:17:32.431003
Received: 20:17:32.431003
Received: 20:17:32.431003
Sent: 20:17:32.425921
Sent: 20:17:32.425921
Sent: 20:17:32.425921
Sent: 20:17:32.431003
Sent: 20:17:32.431003
