Host = 192.168.0.11
Received: 20:17:31.029201
Received: 20:17:31.030231
Received: 20:17:31.030600
Received: 20:17:31.031818
Received: 20:17:31.034709
Sent: 20:17:31.030024
Sent: 20:17:31.030373
Sent: 20:17:31.030731
Sent: 20:17:31.032054
Sent: 20:17:31.034894
