Host = 127.0.0.1
Received: 22:10:39.362838
Received: 22:10:39.363953
Received: 22:10:39.365008
Received: 22:10:39.366088
Received: 22:10:39.369157
Sent: 22:10:39.361562
Sent: 22:10:39.363141
Sent: 22:10:39.364222
Sent: 22:10:39.365275
Sent: 22:10:39.366374
