Host = 192.168.0.5
Received: 20:49:14.492799
Received: 20:49:14.493537
Received: 20:49:14.494066
Received: 20:49:14.494601
Received: 20:49:14.495221
Sent: 20:49:14.492222
Sent: 20:49:14.492989
Sent: 20:49:14.493676
Sent: 20:49:14.494254
Sent: 20:49:14.494771
