Host = 192.168.0.05
Received: 20:24:59.374033
Received: 20:24:59.394679
Received: 20:24:59.394679
Received: 20:24:59.425978
Received: 20:24:59.441603
Sent: 20:24:59.374033
Sent: 20:24:59.394679
Sent: 20:24:59.394679
Sent: 20:24:59.425978
Sent: 20:24:59.441603
