Host = 73.153.188.73
Received: 21:06:08.228478
Received: 21:06:08.317537
Received: 21:06:08.398274
Received: 21:06:08.478064
Received: 21:06:08.560437
Sent: 21:06:08.086580
Sent: 21:06:08.228659
Sent: 21:06:08.318211
Sent: 21:06:08.398514
Sent: 21:06:08.478293
