Host = 192.168.0.05
Received: 20:49:14.778259
Received: 20:49:14.778259
Received: 20:49:14.778259
Received: 20:49:14.778259
Received: 20:49:14.778259
Sent: 20:49:14.778259
Sent: 20:49:14.778259
Sent: 20:49:14.778259
Sent: 20:49:14.778259
Sent: 20:49:14.778259
