Host = 192.168.0.05
Received: 21:06:09.574484
Received: 21:06:09.674926
Received: 21:06:09.759093
Received: 21:06:09.828496
Received: 21:06:09.912955
Sent: 21:06:09.574484
Sent: 21:06:09.674926
Sent: 21:06:09.759093
Sent: 21:06:09.828496
Sent: 21:06:09.912955
