Host = 192.168.0.5
Received: 20:24:59.085218
Received: 20:24:59.091216
Received: 20:24:59.114191
Received: 20:24:59.136022
Received: 20:24:59.157480
Sent: 20:24:59.061356
Sent: 20:24:59.085565
Sent: 20:24:59.091578
Sent: 20:24:59.114409
Sent: 20:24:59.136243
